1 167 -0.518749
1 815 -0.0652735
1 421 -0.928427
1 501 -1.24792
1 1 4.06993
1 562 -0.10786
1 237 -0.841975
2 655 -6.36344
2 976 -0.0656628
2 1000 -0.436195
2 277 -0.106398
2 70 -0.00637455
2 2 11.028
2 92 -3.8831
2 457 -0.166821
3 132 -0.0656942
3 507 -0.926135
3 683 -0.139341
3 382 -0.0871187
3 633 -0.362581
3 359 -0.087702
3 271 -2.49479
3 127 -0.189348
3 1013 -0.402354
3 600 -0.00516152
3 3 4.76023
4 472 -0.172511
4 284 -1.46291
4 852 -0.202123
4 322 -0.0937922
4 996 -0.396041
4 350 -0.857445
4 999 -0.497965
4 112 -0.232862
4 4 4.00036
4 642 -0.0847067
5 874 -1.13042
5 735 -0.431206
5 911 -1.28537
5 201 -0.34125
5 5 4.04431
5 390 -0.617757
5 539 -0.23831
6 156 -1.67472
6 328 -0.186435
6 89 -0.148445
6 935 -0.451076
6 296 -0.343575
6 452 -0.624326
6 553 -0.121812
6 6 4.09991
6 116 -0.549516
7 658 -0.733827
7 164 -2.47642
7 256 -0.209218
7 39 -0.00690224
7 7 4.80976
7 429 -0.679334
7 343 -0.704067
8 599 -0.0812678
8 758 -0.965542
8 857 -0.388506
8 8 4.78856
8 299 -1.75619
8 1015 -1.59706
9 337 -3.62962
9 817 -1.47969
9 697 -1.032
9 9 6.31301
9 219 -0.171707
10 624 -0.280474
10 855 -1.80321
10 829 -0.11271
10 712 -0.0936549
10 533 -0.270903
10 286 -0.121131
10 10 5.1439
10 950 -2.21574
10 1006 -0.246075
11 74 -0.158838
11 138 -0.410016
11 391 -0.0682786
11 789 -1.69441
11 11 15.4063
11 137 -0.933102
12 223 -0.298585
12 814 -0.729063
12 795 -0.299014
12 317 -0.25221
12 12 4.10191
12 746 -1.0052
12 251 -1.51784
13 409 -0.0678233
13 252 -0.363621
13 503 -2.67993
13 961 -0.115289
13 769 -0.152061
13 13 5.38629
13 842 -0.510285
13 953 -1.49729
14 915 -1.53989
14 437 -8.79693
14 370 -1.27988
14 125 -0.39598
14 14 12.0127
15 97 -0.51551
15 603 -0.778795
15 502 -1.0776
15 733 -0.157265
15 667 -0.0862233
15 151 -0.169204
15 96 -0.339889
15 739 -0.280419
15 15 3.82111
15 72 -0.416199
16 844 -0.0391391
16 132 -1.83244
16 539 -0.708349
16 390 -0.906168
16 951 -0.685803
16 1013 -0.0115384
16 16 4.2673
16 145 -0.0838643
17 601 -0.538932
17 913 -0.122332
17 774 -2.19163
17 17 6.6447
17 577 -3.24433
18 187 -1.65757
18 637 -0.607346
18 553 -0.571682
18 333 -0.596604
18 419 -0.15142
18 18 4.95389
19 469 -0.76061
19 826 -0.167999
19 19 8.20091
19 442 -1.43509
19 809 -5.83721
20 810 -1.21501
20 361 -3.408
20 557 -0.0762743
20 150 -1.09309
20 711 -0.201118
20 20 5.99349
21 908 -1.84821
21 526 -0.801136
21 327 -0.347441
21 114 -0.874525
21 21 4.51158
22 449 -0.313974
22 205 -0.147054
22 839 -0.995003
22 332 -1.48127
22 883 -0.559378
22 88 -0.564728
22 22 4.06141
23 895 -1.52007
23 231 -0.185033
23 854 -0.268318
23 220 -0.891941
23 303 -0.156963
23 122 -0.941407
23 23 4.26922
23 732 -0.305488
24 669 -0.243779
24 922 -0.0847236
24 716 -0.460968
24 24 22.9705
25 918 -1.73504
25 198 -1.41576
25 79 -0.189672
25 402 -0.123685
25 25 4.56339
26 583 -0.0263846
26 181 -0.584329
26 337 -2.09967
26 817 -0.0362921
26 528 -0.189904
26 784 -2.15465
26 282 -0.212713
26 26 5.30394
27 488 -2.04168
27 1022 -9.32286
27 27 12.3192
27 884 -0.549879
27 559 -0.404781
28 691 -0.0314321
28 134 -4.48944
28 28 9.84796
28 981 -4.68783
28 73 -0.639254
29 300 -7.00616
29 270 -0.452783
29 1004 -2.06069
29 200 -0.0613438
29 717 -0.12758
29 29 9.70856
30 371 -0.371909
30 311 -0.12098
30 30 4.64521
30 1003 -0.115329
30 217 -0.714214
31 216 -0.939881
31 146 -1.71403
31 757 -0.686621
31 31 4.64064
31 196 -0.242998
31 864 -0.917935
32 576 -0.17593
32 199 -2.44513
32 662 -0.212101
32 920 -2.29208
32 356 -0.276087
32 185 -0.344174
32 32 5.7455
33 266 -0.662268
33 569 -0.961504
33 161 -1.05342
33 700 -0.0845812
33 33 4.00496
33 618 -0.258203
33 413 -0.984983
34 729 -4.25981
34 66 -0.782171
34 34 6.97017
35 183 -0.299133
35 339 -0.748242
35 551 -0.311077
35 35 4.79388
35 403 -1.95488
35 771 -1.48055
36 95 -0.923055
36 860 -0.242681
36 408 -0.120076
36 36 6.63843
36 955 -2.96692
36 985 -2.3857
37 675 -0.496167
37 342 -0.0635119
37 683 -0.407898
37 359 -1.44289
37 633 -0.0197728
37 37 4.63486
37 276 -1.89645
37 636 -0.308163
38 522 -0.636001
38 81 -1.1152
38 651 -0.253675
38 991 -0.447517
38 113 -0.348123
38 38 3.73412
38 245 -0.417608
38 867 -0.515998
39 164 -0.437464
39 527 -0.753667
39 686 -0.485765
39 602 -2.11711
39 7 -0.00690224
39 343 -0.799844
39 39 4.60076
40 383 -0.517272
40 291 -1.73067
40 481 -0.50504
40 509 -0.239891
40 914 -1.87535
40 40 5.0939
40 78 -0.225673
41 875 -1.11743
41 832 -0.871565
41 466 -0.72856
41 56 -1.26244
41 189 -0.224834
41 41 4.20482
42 423 -0.0953548
42 83 -3.56511
42 597 -0.858948
42 965 -0.698473
42 42 6.02732
42 807 -0.809434
43 386 -1.32489
43 57 -0.486717
43 617 -0.090365
43 638 -1.36429
43 43 4.47178
43 414 -0.734943
43 562 -0.470582
44 53 -1.76736
44 964 -1.07447
44 856 -2.82069
44 462 -0.362106
44 367 -0.102531
44 44 6.87526
44 445 -0.748105
45 540 -1.19157
45 99 -0.324993
45 142 -0.354853
45 1023 -1.50336
45 749 -0.257222
45 948 -0.589538
45 980 -0.0857125
45 45 4.30725
46 894 -0.907173
46 278 -4.49348
46 46 6.7361
46 691 -0.4189
46 479 -0.916547
47 154 -2.46146
47 889 -0.565649
47 369 -1.75359
47 47 5.70987
47 747 -0.778102
48 940 -0.373005
48 260 -1.34971
48 267 -0.428784
48 438 -3.27496
48 48 5.75899
48 434 -0.332533
49 187 -0.645257
49 813 -2.2385
49 637 -0.697589
49 49 4.93972
49 468 -0.530562
50 163 -0.210081
50 752 -0.268458
50 818 -2.58034
50 985 -0.0751015
50 329 -0.56351
50 952 -1.873
50 50 5.82033
50 955 -0.249847
51 898 -0.6598
51 825 -2.2935
51 367 -0.0754368
51 563 -0.76032
51 445 -1.36975
51 779 -0.0701716
51 51 5.22897
52 506 -2.10853
52 153 -2.55332
52 979 -0.0263698
52 52 6.18278
52 899 -0.20238
53 473 -0.17595
53 741 -0.482295
53 546 -0.0201623
53 964 -1.45172
53 44 -1.76736
53 53 4.9726
53 856 -1.07511
54 1005 -0.0982963
54 108 -0.488535
54 386 -0.141359
54 770 -0.611169
54 218 -1.22119
54 638 -0.989096
54 54 3.92161
54 414 -0.371966
55 379 -0.343371
55 808 -4.39538
55 55 10.15
55 939 -1.50256
56 636 -0.433621
56 189 -1.82487
56 41 -1.26244
56 466 -0.577099
56 613 -0.320763
56 56 4.41879
57 167 -0.728327
57 501 -1.61929
57 198 -0.122432
57 562 -0.535787
57 57 4.78766
57 617 -1.29511
57 43 -0.486717
58 995 -0.587023
58 70 -0.831722
58 732 -0.349256
58 772 -9.69491
58 122 -0.366556
58 58 11.8295
59 1010 -1.35384
59 699 -0.81728
59 338 -0.424593
59 997 -0.0623716
59 460 -0.0874952
59 755 -1.20644
59 727 -0.354372
59 59 4.30639
60 583 -0.549525
60 817 -0.684786
60 645 -1.75107
60 885 -1.72195
60 60 4.72548
60 883 -0.0181599
61 375 -0.997756
61 465 -0.391814
61 434 -1.59899
61 982 -1.19152
61 61 4.35124
61 119 -0.171162
62 954 -0.272523
62 241 -0.0445141
62 287 -0.432478
62 442 -0.460851
62 469 -0.110832
62 897 -0.58531
62 142 -0.610271
62 960 -0.705426
62 62 3.95127
62 186 -0.72906
63 652 -0.0405849
63 1014 -1.17649
63 466 -0.630417
63 572 -1.65179
63 613 -1.16379
63 63 4.66306
64 922 -0.994137
64 103 -1.1677
64 699 -0.213032
64 64 8.78279
64 162 -6.33897
64 1010 -0.0689524
65 204 -1.23937
65 288 -0.622247
65 873 -0.019511
65 456 -3.59712
65 499 -0.625758
65 65 6.10401
66 80 -0.279568
66 863 -0.217305
66 668 -0.594905
66 729 -0.297771
66 857 -0.71289
66 34 -0.782171
66 66 3.77204
66 424 -0.354557
67 777 -1.29765
67 530 -0.260323
67 67 6.89551
67 266 -3.11385
67 464 -2.22369
68 926 -0.533491
68 545 -0.9002
68 453 -0.56479
68 555 -2.66925
68 463 -0.311243
68 623 -0.0156897
68 68 4.99467
69 994 -1.94465
69 69 32.6791
70 803 -0.381926
70 58 -0.831722
70 732 -0.608523
70 843 -0.577068
70 497 -0.304596
70 995 -0.271625
70 655 -0.337396
70 92 -0.209734
70 2 -0.00637455
70 70 3.52896
71 332 -0.255709
71 449 -0.224717
71 514 -1.96556
71 726 -0.27036
71 120 -1.50267
71 679 -0.692442
71 71 4.91145
72 151 -1.77387
72 15 -0.416199
72 739 -0.565641
72 977 -0.801689
72 310 -0.512376
72 72 4.2051
72 681 -0.13533
73 28 -0.639254
73 134 -0.644144
73 113 -0.812659
73 73 4.70543
73 981 -0.699747
73 447 -1.90963
74 268 -0.0328929
74 887 -1.21141
74 138 -0.854783
74 11 -0.158838
74 789 -2.01803
74 137 -0.484967
74 74 4.76092
75 865 -0.841673
75 213 -0.509661
75 523 -1.36641
75 352 -1.52429
75 481 -0.12386
75 75 4.36589
76 301 -0.257769
76 192 -3.6113
76 603 -1.0406
76 648 -0.647406
76 76 5.79202
76 733 -0.234949
77 96 -0.315209
77 128 -0.451133
77 398 -0.515973
77 502 -2.54095
77 1001 -0.707609
77 77 4.78087
77 209 -0.249998
78 291 -0.345239
78 755 -0.782635
78 121 -0.802039
78 372 -0.137822
78 727 -0.834629
78 279 -0.509645
78 914 -0.221736
78 40 -0.225673
78 78 3.85942
79 918 -0.160828
79 379 -1.44209
79 866 -0.0080325
79 126 -0.107054
79 794 -0.98414
79 992 -1.58738
79 198 -0.193227
79 25 -0.189672
79 79 4.67242
80 66 -0.279568
80 668 -1.14987
80 630 -0.657501
80 80 4.49293
80 863 -1.82941
80 452 -0.576581
81 522 -0.228067
81 651 -0.144504
81 38 -1.1152
81 791 -1.64078
81 457 -0.158046
81 215 -0.738105
81 81 4.19599
81 702 -0.171283
82 963 -0.361057
82 541 -0.180674
82 923 -1.49274
82 82 4.29963
82 847 -1.45274
82 201 -0.812413
83 423 -0.121546
83 96 -0.398173
83 917 -0.0392292
83 977 -1.13367
83 151 -0.605629
83 42 -3.56511
83 597 -0.192056
83 83 6.05541
84 147 -0.0745951
84 607 -4.02317
84 510 -0.634976
84 225 -0.836292
84 336 -0.56881
84 84 6.13785
85 358 -0.668757
85 846 -2.03247
85 972 -0.0943386
85 364 -0.26108
85 85 4.64485
85 159 -1.06821
85 921 -0.519988
86 546 -0.0843988
86 308 -1.84108
86 86 5.32523
87 790 -0.0738601
87 109 -0.0748794
87 262 -3.66156
87 87 6.38737
87 225 -1.5152
87 510 -1.06187
88 816 -4.98229
88 946 -0.241425
88 656 -0.0948762
88 124 -0.00181628
88 205 -1.16195
88 883 -0.142774
88 88 7.18986
88 22 -0.564728
89 559 -0.115252
89 1022 -0.32828
89 328 -1.00437
89 719 -0.490064
89 6 -0.148445
89 698 -2.13419
89 116 -0.969524
89 89 5.19012
90 594 -0.293269
90 394 -2.50574
90 90 6.03081
91 142 -0.696914
91 186 -0.33988
91 1023 -0.497695
91 275 -0.522277
91 91 3.89022
91 560 -1.05158
91 281 -0.781876
92 497 -1.90957
92 172 -0.853987
92 70 -0.209734
92 2 -3.8831
92 92 7.05685
92 457 -0.200461
93 594 -0.191556
93 565 -7.43185
93 93 42.6129
94 519 -0.78966
94 718 -10.0432
94 94 15.1538
94 586 -4.13596
94 193 -0.184965
95 877 -0.319674
95 782 -0.979251
95 282 -0.3591
95 219 -0.0821771
95 860 -1.28788
95 36 -0.923055
95 95 4.05785
95 408 -0.106712
96 77 -0.315209
96 502 -0.0908977
96 423 -0.11581
96 83 -0.398173
96 151 -1.66117
96 15 -0.339889
96 305 -1.54269
96 96 4.48824
96 128 -0.0243951
97 15 -0.51551
97 667 -1.72089
97 97 9.4367
97 739 -5.40881
97 579 -1.79148
98 415 -2.34462
98 325 -0.304236
98 369 -0.344828
98 482 -0.0177461
98 98 5.59689
98 747 -1.93182
98 552 -0.653647
99 540 -0.266101
99 45 -0.324993
99 142 -1.21018
99 897 -3.89671
99 989 -0.634901
99 99 6.33288
100 970 -0.813249
100 247 -0.902969
100 217 -0.0155241
100 433 -3.19741
100 246 -0.148536
100 378 -0.441191
100 100 5.72197
100 685 -0.203096
101 380 -0.517212
101 785 -1.53248
101 719 -0.38704
101 483 -1.0195
101 264 -0.570845
101 284 -0.271721
101 101 4.2988
102 824 -1.19377
102 571 -1.83906
102 759 -1.63991
102 989 -0.0957928
102 241 -0.188053
102 102 4.95659
103 480 -1.04174
103 922 -0.388942
103 103 5.41892
103 64 -1.1677
103 699 -2.82054
104 366 -0.146548
104 900 -1.44263
104 619 -0.740031
104 104 4.85876
104 582 -0.72497
104 307 -1.80459
105 810 -0.159529
105 904 -0.0694817
105 478 -0.328607
105 519 -0.835215
105 776 -2.79337
105 718 -0.762258
105 105 5.57219
105 586 -0.623727
106 634 -0.647772
106 199 -0.755833
106 980 -0.603959
106 749 -0.131895
106 106 4.66081
106 662 -2.36092
106 193 -0.16043
107 427 -1.13742
107 288 -1.11909
107 107 4.34432
108 877 -0.00629016
108 1005 -1.29967
108 782 -0.998205
108 408 -0.357302
108 248 -0.199885
108 386 -0.635071
108 108 3.98496
108 54 -0.488535
109 231 -0.0539642
109 659 -0.502904
109 653 -2.47847
109 493 -0.00966788
109 790 -0.532195
109 510 -1.38795
109 109 5.04004
109 87 -0.0748794
110 487 -0.239078
110 330 -4.14082
110 689 -0.198651
110 1012 -1.07528
110 110 6.54078
110 674 -0.0817813
110 738 -0.805161
111 222 -0.74727
111 625 -3.72972
111 111 7.31914
111 432 -2.12509
112 117 -0.921834
112 350 -0.30305
112 557 -0.14999
112 861 -0.704509
112 962 -0.612046
112 112 4.11404
112 4 -0.232862
112 642 -1.18975
113 508 -0.963086
113 134 -0.0216355
113 991 -1.53432
113 73 -0.812659
113 447 -0.0180475
113 113 4.29219
113 245 -0.594319
113 38 -0.348123
114 890 -0.212604
114 327 -0.498992
114 21 -0.874525
114 114 4.47785
114 928 -2.13162
115 588 -0.745162
115 170 -1.11452
115 797 -0.173084
115 143 -0.106491
115 295 -2.32622
115 115 5.38538
115 477 -0.639497
115 937 -0.2804
116 89 -0.969524
116 698 -3.00592
116 708 -0.574912
116 553 -0.651687
116 6 -0.549516
116 116 5.75156
117 350 -1.41826
117 820 -3.64494
117 112 -0.921834
117 557 -0.145309
117 117 6.13035
118 848 -1.84287
118 382 -0.437193
118 127 -0.27657
118 280 -1.02376
118 277 -0.634675
118 238 -0.100452
118 118 4.31552
119 267 -0.0486966
119 434 -0.557746
119 61 -0.171162
119 611 -1.71785
119 195 -0.0751726
119 798 -1.53516
119 982 -0.435347
119 119 4.54113
120 71 -1.50267
120 679 -1.51552
120 1016 -0.129473
120 332 -2.13441
120 646 -0.204876
120 120 5.48694
121 891 -0.713519
121 366 -0.716721
121 750 -0.104141
121 291 -0.148774
121 307 -0.151228
121 372 -1.71224
121 78 -0.802039
121 121 4.34867
122 895 -0.291793
122 58 -0.366556
122 297 -0.452768
122 23 -0.941407
122 732 -0.909855
122 772 -0.989568
122 975 -0.100955
122 122 4.0529
123 824 -0.837615
123 958 -0.220199
123 286 -0.177985
123 354 -0.522815
123 123 4.0516
123 671 -1.53017
123 571 -0.762818
124 221 -1.21857
124 130 -0.516586
124 827 -4.88166
124 734 -0.562115
124 816 -0.0617982
124 656 -0.820238
124 88 -0.00181628
124 124 8.06279
125 172 -0.097334
125 14 -0.39598
125 437 -0.0982657
125 690 -0.0177647
125 370 -0.921916
125 907 -0.261791
125 677 -1.79328
125 831 -0.150107
125 177 -0.37626
125 125 4.3081
125 921 -0.195392
126 918 -1.95733
126 79 -0.107054
126 866 -0.914984
126 126 5.24306
126 368 -1.31765
127 848 -0.210735
127 118 -0.27657
127 382 -0.848247
127 1000 -0.351686
127 3 -0.189348
127 127 3.76195
127 271 -0.828444
127 975 -1.05692
128 77 -0.451133
128 398 -0.924726
128 315 -0.734117
128 912 -1.62668
128 259 -0.0301723
128 305 -0.762532
128 96 -0.0243951
128 128 4.55375
129 573 -1.06723
129 210 -0.270938
129 193 -0.014845
129 586 -3.09311
129 776 -0.0143415
129 214 -0.0560045
129 129 5.50237
129 641 -0.0658904
130 221 -0.58038
130 124 -0.516586
130 130 8.02708
130 734 -0.215472
131 243 -0.485079
131 740 -2.52323
131 496 -1.53941
131 485 -0.711398
131 131 5.30891
131 845 -0.0498016
132 879 -0.0438069
132 539 -0.165675
132 16 -1.83244
132 507 -0.772467
132 132 5.34038
132 1013 -2.4603
132 3 -0.0656942
133 198 -0.0781314
133 421 -2.13731
133 133 6.90074
134 28 -4.48944
134 508 -0.236647
134 779 -2.07928
134 445 -0.122015
134 691 -0.198651
134 73 -0.644144
134 113 -0.0216355
134 134 7.79182
135 903 -4.58404
135 872 -0.588274
135 135 62.9012
136 362 -2.858
136 517 -0.809843
136 535 -0.22783
136 176 -0.825279
136 500 -0.973545
136 228 -0.636368
136 229 -0.167878
136 136 6.49874
137 268 -0.0813377
137 74 -0.484967
137 789 -2.66533
137 11 -0.933102
137 137 33.7619
138 599 -0.959225
138 887 -0.504898
138 556 -0.313503
138 1011 -0.0476983
138 74 -0.854783
138 11 -0.410016
138 1015 -0.568709
138 391 -0.201749
138 138 3.86058
139 323 -2.88229
139 666 -0.568193
139 155 -0.111825
139 244 -0.642722
139 978 -1.43093
139 432 -0.348475
139 139 5.98444
140 936 -2.79279
140 582 -0.707498
140 984 -4.93792
140 140 8.50512
140 664 -0.0315559
140 882 -0.0353645
141 944 -1.17012
141 309 -0.0499683
141 835 -1.90187
141 538 -0.490347
141 185 -0.104073
141 356 -0.696234
141 532 -0.137056
141 141 4.54968
142 62 -0.610271
142 897 -0.652595
142 186 -0.405728
142 91 -0.696914
142 1023 -0.122074
142 99 -1.21018
142 45 -0.354853
142 142 4.05261
143 797 -0.395187
143 150 -0.0375125
143 711 -0.49266
143 115 -0.106491
143 295 -0.580758
143 644 -0.290602
143 676 -1.46937
143 642 -0.466666
143 143 3.83925
144 443 -0.556818
144 792 -1.12973
144 459 -0.808096
144 144 3.93582
144 253 -1.07717
144 355 -0.364016
145 951 -1.99186
145 400 -0.559348
145 905 -0.207413
145 600 -0.727094
145 1013 -0.989722
145 16 -0.0838643
145 145 4.55931
146 216 -2.91583
146 773 -0.768276
146 146 5.86772
146 196 -0.469589
146 31 -1.71403
147 854 -0.0173807
147 231 -0.0681952
147 607 -0.386837
147 84 -0.0745951
147 242 -0.287192
147 158 -1.16109
147 147 3.95166
147 336 -1.01256
147 1016 -0.943814
148 691 -0.192932
148 864 -0.0125315
148 462 -1.93843
148 445 -0.169321
148 148 5.85855
148 188 -0.712306
148 479 -2.83303
149 647 -0.800085
149 355 -0.181825
149 744 -1.86032
149 334 -0.813655
149 1019 -0.754575
149 149 4.8614
149 878 -0.450937
150 557 -0.421577
150 861 -0.417154
150 676 -0.780206
150 143 -0.0375125
150 150 4.04919
150 711 -1.29966
150 20 -1.09309
151 83 -0.605629
151 15 -0.169204
151 96 -1.66117
151 151 4.69419
151 977 -0.484324
151 72 -1.77387
152 366 -0.492251
152 750 -0.32241
152 900 -0.0453488
152 558 -1.23926
152 205 -0.477151
152 839 -1.69898
152 152 4.36453
152 646 -0.0891313
153 506 -0.338498
153 505 -2.71546
153 427 -0.512167
153 153 6.63947
153 52 -2.55332
153 979 -0.520021
154 868 -0.0747254
154 896 -3.09783
154 369 -0.173913
154 730 -0.582737
154 47 -2.46146
154 154 6.54386
154 889 -0.153193
155 139 -0.111825
155 244 -2.15918
155 965 -0.0841994
155 155 5.16721
155 807 -0.96658
155 666 -1.84543
156 296 -0.0825289
156 333 -1.44179
156 156 5.41405
156 6 -1.67472
156 553 -2.21501
157 886 -0.125041
157 228 -0.590888
157 229 -0.420585
157 176 -0.427979
157 997 -0.647683
157 157 3.59909
157 313 -0.585535
157 833 -0.801378
158 800 -0.0268456
158 850 -0.0208986
158 439 -0.190638
158 242 -0.478542
158 147 -1.16109
158 158 5.08934
158 1016 -0.632895
158 425 -2.57842
159 706 -2.06836
159 968 -0.242341
159 364 -0.175707
159 85 -1.06821
159 159 4.79657
159 177 -1.11778
159 921 -0.124175
160 979 -1.25046
160 899 -2.77533
160 160 5.69386
160 237 -0.96197
160 281 -0.706103
161 618 -1.14338
161 273 -0.978382
161 161 4.23072
161 33 -1.05342
161 700 -1.05554
162 64 -6.33897
162 1010 -0.238185
162 922 -0.38413
162 190 -0.373205
162 162 8.92156
162 313 -1.45478
162 997 -0.132288
163 50 -0.210081
163 818 -1.89449
163 872 -0.078656
163 752 -1.08116
163 606 -1.23459
163 294 -0.305014
163 163 4.99918
164 658 -0.741226
164 527 -1.88605
164 164 5.54116
164 7 -2.47642
164 39 -0.437464
165 724 -0.703357
165 336 -1.05651
165 304 -12.7168
165 726 -0.154438
165 931 -0.288379
165 165 14.9195
166 775 -0.261317
166 543 -0.451792
166 910 -0.266987
166 610 -0.797434
166 564 -2.45799
166 618 -0.298359
166 531 -0.0252256
166 166 4.7216
166 273 -0.162495
167 57 -0.728327
167 501 -1.14329
167 167 6.19682
167 562 -3.80645
167 1 -0.518749
168 175 -0.0715464
168 890 -1.81936
168 928 -0.337263
168 615 -0.33512
168 168 5.42374
168 670 -1.78794
168 753 -1.07251
169 399 -0.721417
169 169 8.66796
169 376 -5.34373
169 485 -2.60281
170 588 -3.22914
170 819 -0.195823
170 714 -0.0878017
170 896 -0.137339
170 170 6.63892
170 797 -1.8743
170 115 -1.11452
171 239 -1.82032
171 969 -0.420314
171 178 -0.224336
171 171 4.47704
171 696 -1.29569
171 585 -0.716385
172 497 -0.201244
172 649 -0.599961
172 690 -0.052688
172 677 -0.59761
172 125 -0.097334
172 791 -0.0500613
172 92 -0.853987
172 457 -0.0314423
172 269 -1.1072
172 578 -0.785283
172 172 4.37681
173 574 -0.932117
173 412 -1.436
173 868 -0.0516411
173 347 -0.132333
173 361 -0.558411
173 949 -0.933071
173 325 -0.0895392
173 173 4.50685
173 369 -0.373737
174 651 -0.428977
174 215 -0.806235
174 702 -0.155572
174 174 7.54843
174 345 -5.37375
174 654 -0.783889
175 327 -0.564448
175 919 -0.318759
175 566 -0.346435
175 605 -0.723612
175 806 -0.381789
175 890 -1.38998
175 168 -0.0715464
175 753 -0.0990348
175 175 3.89561
176 136 -0.825279
176 228 -1.28992
176 157 -0.427979
176 535 -0.126484
176 544 -0.00852251
176 460 -1.3867
176 997 -0.113404
176 176 4.17829
177 706 -0.744156
177 159 -1.11778
177 831 -1.94868
177 988 -0.0629643
177 177 4.72266
177 125 -0.37626
177 921 -0.472826
178 723 -0.760944
178 239 -0.153321
178 171 -0.224336
178 969 -1.97198
178 811 -2.66361
178 178 5.77742
178 616 -0.0032338
179 301 -2.09332
179 192 -0.381748
179 261 -11.6009
179 179 14.3365
179 643 -0.260502
180 947 -1.60809
180 804 -2.69279
180 657 -0.475012
180 306 -0.455402
180 811 -0.386992
180 180 5.61829
181 583 -2.34559
181 314 -5.94895
181 26 -0.584329
181 906 -0.517676
181 528 -0.419071
181 181 9.81561
182 254 -0.363123
182 398 -0.174951
182 259 -0.370045
182 941 -0.717389
182 274 -0.778894
182 395 -1.20994
182 1020 -0.347895
182 541 -0.228894
182 182 4.28813
182 341 -0.0970039
183 543 -0.981874
183 754 -0.794049
183 898 -0.222452
183 403 -0.946671
183 183 3.82127
183 35 -0.299133
183 339 -0.577088
184 491 -0.491183
184 591 -0.317468
184 581 -2.41365
184 184 4.66507
184 956 -0.635679
184 534 -0.807086
185 944 -0.890832
185 32 -0.344174
185 662 -0.0112521
185 478 -0.636497
185 904 -0.348874
185 356 -2.92039
185 141 -0.104073
185 185 5.25609
186 62 -0.72906
186 142 -0.405728
186 960 -1.8256
186 275 -1.21415
186 186 4.51442
186 91 -0.33988
187 813 -1.58294
187 18 -1.65757
187 187 4.73022
187 637 -0.36562
187 49 -0.645257
188 894 -0.377247
188 148 -0.712306
188 479 -0.0617636
188 195 -1.79106
188 864 -1.87857
188 196 -0.0757657
188 188 4.89671
189 875 -0.116417
189 636 -0.271236
189 876 -0.276913
189 999 -0.937092
189 350 -0.661686
189 820 -0.0361295
189 56 -1.82487
189 189 4.34918
189 41 -0.224834
190 321 -1.15247
190 669 -17.8072
190 922 -0.142594
190 313 -0.521014
190 162 -0.373205
190 190 19.9965
191 827 -0.610594
191 720 -0.284508
191 881 -0.706575
191 191 20.6073
192 301 -0.043419
192 76 -3.6113
192 603 -0.123781
192 209 -2.0199
192 179 -0.381748
192 261 -0.4534
192 192 6.63354
193 634 -1.87804
193 106 -0.16043
193 662 -0.169916
193 519 -0.828946
193 456 -0.526173
193 210 -0.46504
193 129 -0.014845
193 94 -0.184965
193 586 -0.144628
193 193 4.37299
194 787 -0.310218
194 722 -0.57905
194 796 -1.59983
194 892 -1.37385
194 194 4.50177
194 802 -0.638828
195 760 -0.0811076
195 798 -1.21986
195 119 -0.0751726
195 611 -0.732433
195 894 -0.505614
195 188 -1.79106
195 196 -0.200007
195 195 4.60526
196 435 -0.0350978
196 256 -1.34284
196 760 -0.0576301
196 146 -0.469589
196 773 -0.516744
196 429 -0.392984
196 593 -0.0782437
196 195 -0.200007
196 188 -0.0757657
196 31 -0.242998
196 196 3.89775
196 864 -0.485852
197 246 -1.18972
197 197 6.60958
197 207 -1.38905
197 592 -4.03081
198 133 -0.0781314
198 57 -0.122432
198 501 -0.243705
198 421 -0.0694562
198 934 -1.36874
198 617 -0.11223
198 992 -0.231558
198 198 4.16829
198 25 -1.41576
198 79 -0.193227
199 32 -2.44513
199 106 -0.755833
199 662 -0.0733835
199 199 5.05233
199 980 -1.42555
199 576 -0.352439
200 300 -0.555433
200 29 -0.0613438
200 717 -0.912551
200 623 -0.470461
200 200 3.87944
200 768 -0.88368
200 554 -0.995967
201 963 -0.479922
201 82 -0.812413
201 847 -0.424122
201 911 -0.62007
201 844 -0.0861847
201 201 3.62593
201 390 -0.861971
201 5 -0.34125
202 598 -0.84245
202 283 -5.53135
202 430 -0.287381
202 483 -0.546427
202 202 8.70051
202 284 -0.0479278
202 635 -1.44497
203 598 -0.856375
203 283 -1.24149
203 203 4.43286
203 232 -1.51141
203 902 -0.823576
204 634 -0.836451
204 456 -0.0730312
204 749 -5.03171
204 65 -1.23937
204 873 -0.244593
204 204 7.42516
205 619 -2.47666
205 582 -0.0317298
205 900 -0.670125
205 946 -0.221854
205 88 -1.16195
205 22 -0.147054
205 152 -0.477151
205 839 -0.203996
205 205 5.39052
206 211 -1.98285
206 206 5.83368
206 224 -0.28554
206 688 -2.79224
207 197 -1.38905
207 385 -1.72418
207 592 -0.281272
207 590 -0.0430445
207 207 5.81684
207 246 -0.0273504
207 942 -1.65125
208 707 -0.946781
208 595 -1.39505
208 208 6.35099
208 734 -3.08727
209 603 -0.0528524
209 502 -0.492055
209 77 -0.249998
209 192 -2.0199
209 1001 -1.05896
209 209 4.69864
209 261 -0.500611
209 411 -0.324276
210 639 -0.793898
210 612 -1.61041
210 573 -0.869306
210 456 -0.521079
210 210 4.53067
210 193 -0.46504
210 129 -0.270938
211 777 -0.611006
211 530 -0.398842
211 212 -0.144404
211 224 -0.43523
211 211 4.54635
211 206 -1.98285
212 211 -0.144404
212 530 -1.78935
212 212 5.18012
213 788 -3.51081
213 250 -1.03139
213 865 -0.264289
213 492 -0.274263
213 75 -0.509661
213 523 -0.188022
213 213 5.77843
214 129 -0.0560045
214 482 -0.186922
214 715 -0.572383
214 641 -0.455559
214 214 35.3288
215 651 -3.89909
215 81 -0.738105
215 174 -0.806235
215 215 6.1134
215 702 -0.669969
216 31 -0.939881
216 146 -2.91583
216 216 8.39133
216 737 -4.39779
216 773 -0.127294
217 371 -0.954308
217 100 -0.0155241
217 685 -1.44701
217 30 -0.714214
217 1003 -0.071524
217 590 -0.168027
217 592 -0.366923
217 217 4.02184
217 246 -0.284305
218 954 -5.32947
218 442 -0.418806
218 770 -0.287231
218 287 -0.0318214
218 54 -1.22119
218 218 7.50654
218 414 -0.218023
219 337 -1.06798
219 9 -0.171707
219 697 -7.10265
219 282 -0.157054
219 95 -0.0821771
219 566 -0.585158
219 450 -0.135512
219 219 9.96911
219 860 -0.666865
220 854 -1.82627
220 303 -0.0576392
220 23 -0.891941
220 242 -1.55179
220 800 -0.682495
220 220 5.01013
221 130 -0.58038
221 124 -1.21857
221 221 4.78913
221 827 -0.140814
222 761 -0.70577
222 625 -0.078691
222 111 -0.74727
222 222 6.19561
223 341 -0.301133
223 411 -1.74564
223 814 -1.05975
223 223 4.62941
223 12 -0.298585
223 317 -1.2243
224 709 -0.456924
224 804 -0.214555
224 444 -0.561661
224 777 -0.540162
224 916 -0.339453
224 640 -0.0227843
224 211 -0.43523
224 206 -0.28554
224 224 3.76073
224 688 -0.782128
225 487 -0.481002
225 84 -0.836292
225 262 -0.182508
225 336 -0.412474
225 304 -0.552353
225 87 -1.5152
225 225 4.20128
225 510 -0.221453
226 993 -2.21479
226 673 -2.82953
226 495 -0.0608456
226 226 6.44415
226 468 -0.218297
227 467 -0.97808
227 385 -0.729391
227 227 98.4111
228 136 -0.636368
228 176 -1.28992
228 228 5.79436
228 157 -0.590888
228 229 -3.27719
229 136 -0.167878
229 500 -0.0197913
229 886 -1.01673
229 228 -3.27719
229 157 -0.420585
229 461 -0.0547048
229 616 -0.852361
229 229 5.80923
230 892 -0.381109
230 996 -1.76762
230 322 -0.055147
230 589 -10.8536
230 722 -0.217079
230 230 13.2746
231 895 -0.0480386
231 854 -3.38
231 23 -0.185033
231 659 -0.19471
231 109 -0.0539642
231 147 -0.0681952
231 607 -2.01325
231 231 6.35964
231 510 -0.416457
232 598 -0.115279
232 945 -3.37662
232 802 -0.29979
232 203 -1.51141
232 454 -0.055866
232 902 -0.213403
232 232 5.92937
232 257 -0.357003
233 360 -0.775204
233 628 -1.32944
233 907 -1.25368
233 370 -0.00809973
233 748 -0.363473
233 660 -0.00718447
233 233 4.49769
233 481 -0.150043
233 509 -0.610566
234 778 -0.124913
234 365 -1.20081
234 529 -0.513017
234 417 -0.0126557
234 1024 -0.364707
234 257 -7.70173
234 454 -0.155609
234 234 10.0734
235 284 -1.14625
235 852 -1.94451
235 235 4.77609
235 264 -1.29588
235 644 -0.389447
236 272 -1.61299
236 1002 -0.188517
236 998 -0.617166
236 236 4.2766
237 815 -0.248815
237 899 -0.240553
237 160 -0.96197
237 281 -0.149739
237 504 -0.536162
237 1 -0.841975
237 562 -0.399531
237 237 3.67606
238 346 -0.520799
238 280 -0.716363
238 118 -0.100452
238 277 -0.596575
238 926 -2.5007
238 238 5.01676
238 545 -0.581874
239 723 -0.768078
239 476 -1.08903
239 692 -0.480188
239 178 -0.153321
239 171 -1.82032
239 585 -0.319923
239 239 4.63086
240 308 -0.183613
240 757 -5.78826
240 240 8.03295
241 824 -0.529617
241 102 -0.188053
241 469 -1.43671
241 62 -0.0445141
241 989 -1.4839
241 897 -0.922567
241 241 4.60537
242 854 -1.48216
242 220 -1.55179
242 800 -1.3833
242 147 -0.287192
242 158 -0.478542
242 242 5.18299
243 762 -1.57809
243 365 -0.248156
243 524 -0.405501
243 384 -0.395746
243 740 -0.488925
243 131 -0.485079
243 243 4.10325
243 496 -0.501751
244 139 -0.642722
244 155 -2.15918
244 965 -0.144839
244 432 -0.090226
244 244 4.51721
244 625 -0.954475
244 971 -0.525774
245 721 -0.0342285
245 620 -2.04436
245 447 -2.60693
245 113 -0.594319
245 38 -0.417608
245 245 5.85252
245 867 -0.155072
246 467 -0.343351
246 197 -1.18972
246 433 -1.55485
246 100 -0.148536
246 207 -0.0273504
246 942 -0.444794
246 592 -1.14274
246 217 -0.284305
246 246 5.13565
247 321 -0.670815
247 833 -3.07366
247 970 -0.26035
247 100 -0.902969
247 247 5.37213
247 433 -0.464333
248 617 -0.155127
248 858 -1.09548
248 386 -1.13901
248 108 -0.199885
248 431 -1.83873
248 408 -0.462838
248 248 4.89107
249 491 -0.142422
249 988 -1.25692
249 706 -0.200401
249 591 -0.758277
249 702 -1.53092
249 249 4.80088
249 470 -0.19107
249 345 -0.720874
250 326 -0.0870553
250 788 -0.302972
250 213 -1.03139
250 492 -1.02451
250 439 -0.838809
250 990 -0.427137
250 850 -0.279617
250 250 3.99149
251 407 -0.227859
251 847 -0.645301
251 923 -0.0907971
251 317 -0.181512
251 781 -0.810809
251 787 -0.0792715
251 12 -1.51784
251 746 -0.520454
251 251 4.07384
252 409 -0.67714
252 503 -0.238428
252 13 -0.363621
252 705 -2.19599
252 416 -0.936143
252 418 -0.362926
252 652 -0.18739
252 252 4.96164
253 144 -1.07717
253 459 -0.623517
253 935 -0.892047
253 253 4.76081
253 878 -1.76982
253 355 -0.398261
254 911 -0.5706
254 735 -0.237676
254 682 -0.212564
254 963 -0.961962
254 274 -0.534248
254 254 5.09778
254 182 -0.363123
254 541 -2.21761
255 1005 -0.66151
255 1017 -0.597411
255 770 -0.842697
255 387 -0.489484
255 584 -1.96368
255 255 4.67172
255 841 -0.116939
256 658 -0.270094
256 435 -1.55832
256 7 -0.209218
256 256 4.66966
256 196 -1.34284
256 429 -1.28919
257 232 -0.357003
257 1024 -0.495452
257 902 -0.396038
257 257 9.61911
257 454 -0.668884
257 234 -7.70173
258 561 -0.200578
258 515 -0.275035
258 404 -0.234027
258 484 -0.288394
258 604 -1.04124
258 393 -3.24509
258 258 5.50456
258 601 -0.220199
259 182 -0.370045
259 405 -2.66227
259 941 -2.80622
259 270 -0.212293
259 398 -0.262606
259 912 -0.172962
259 128 -0.0301723
259 259 6.51657
260 940 -0.888396
260 48 -1.34971
260 267 -0.163858
260 260 4.22451
260 721 -0.752888
260 620 -1.06966
261 192 -0.4534
261 966 -0.222552
261 209 -0.500611
261 411 -0.104265
261 261 14.9099
261 179 -11.6009
261 643 -2.02814
262 953 -0.300634
262 487 -0.0513795
262 790 -1.08372
262 829 -0.743806
262 842 -0.13869
262 87 -3.66156
262 262 6.1623
262 225 -0.182508
263 822 -0.982904
263 657 -0.617255
263 622 -0.142932
263 464 -1.13812
263 444 -0.247819
263 263 4.04786
263 696 -0.158339
263 306 -0.760486
264 785 -0.541081
264 101 -0.570845
264 284 -0.179069
264 745 -1.28462
264 235 -1.29588
264 264 4.20561
264 644 -0.334115
265 959 -0.207206
265 556 -1.09972
265 521 -1.30456
265 853 -2.08698
265 680 -0.662384
265 265 5.69457
265 943 -0.333717
266 822 -0.939422
266 530 -0.00650917
266 67 -3.11385
266 464 -0.271629
266 700 -0.474348
266 569 -0.228448
266 266 5.69648
266 33 -0.662268
267 48 -0.428784
267 434 -0.53283
267 119 -0.0486966
267 611 -0.424103
267 278 -1.10423
267 765 -0.27964
267 620 -0.673466
267 267 3.6556
267 260 -0.163858
268 137 -0.0813377
268 74 -0.0328929
268 943 -0.0301528
268 853 -0.648994
268 887 -0.155347
268 268 7.41241
269 803 -0.546717
269 843 -0.908695
269 497 -0.759069
269 269 4.23524
269 578 -0.913564
269 172 -1.1072
270 300 -0.16867
270 29 -0.452783
270 1007 -3.36007
270 420 -0.877246
270 1004 -0.0578817
270 405 -1.21098
270 259 -0.212293
270 941 -0.0432359
270 270 6.38316
271 297 -0.132196
271 494 -0.73701
271 683 -0.0317577
271 3 -2.49479
271 127 -0.828444
271 271 4.87662
271 975 -0.652428
272 1002 -0.197975
272 536 -0.567144
272 236 -1.61299
272 272 4.675
272 736 -1.94143
273 161 -0.978382
273 618 -0.967559
273 166 -0.162495
273 273 4.42662
273 700 -0.905156
273 531 -1.41303
274 766 -0.257971
274 682 -1.69354
274 254 -0.534248
274 941 -1.2695
274 182 -0.778894
274 274 4.53416
275 960 -0.144896
275 186 -1.21415
275 91 -0.522277
275 275 4.3324
275 281 -1.41574
275 504 -1.03533
276 37 -1.89645
276 636 -0.142171
276 695 -2.45573
276 633 -0.868617
276 600 -0.100679
276 276 5.46364
277 448 -1.33518
277 848 -0.837715
277 118 -0.634675
277 238 -0.596575
277 545 -0.376785
277 976 -0.0680047
277 1000 -0.420546
277 2 -0.106398
277 277 4.37588
278 267 -1.10423
278 46 -4.49348
278 691 -0.808767
278 765 -0.348714
278 894 -0.191322
278 611 -0.055374
278 278 7.00188
279 882 -1.03095
279 372 -0.916191
279 727 -2.58537
279 78 -0.509645
279 279 5.04216
280 346 -3.98631
280 925 -0.47828
280 382 -0.236475
280 280 6.44119
280 118 -1.02376
280 238 -0.716363
281 979 -0.502217
281 91 -0.781876
281 560 -0.388577
281 873 -0.10204
281 160 -0.706103
281 237 -0.149739
281 275 -1.41574
281 281 4.16654
281 504 -0.120244
282 337 -0.242207
282 751 -0.165113
282 877 -0.409872
282 784 -1.22618
282 26 -0.212713
282 1017 -0.417561
282 95 -0.3591
282 219 -0.157054
282 841 -0.535108
282 282 3.86447
282 584 -0.139555
283 598 -0.276232
283 202 -5.53135
283 430 -0.0911101
283 203 -1.24149
283 548 -0.74201
283 283 7.89399
283 902 -0.0117938
284 483 -0.534502
284 202 -0.0479278
284 635 -0.0764665
284 996 -0.0457226
284 852 -0.677169
284 4 -1.46291
284 101 -0.271721
284 235 -1.14625
284 284 4.44174
284 264 -0.179069
285 801 -0.887806
285 771 -0.169964
285 403 -0.424677
285 285 4.50231
285 563 -1.94594
285 893 -1.07391
286 123 -0.177985
286 10 -0.121131
286 533 -1.60367
286 354 -0.292218
286 286 5.88062
286 958 -3.28895
286 950 -0.396676
287 62 -0.432478
287 960 -2.97204
287 954 -2.77434
287 218 -0.0318214
287 414 -0.248235
287 287 6.62501
287 504 -0.166096
288 505 -0.229192
288 427 -0.0389327
288 499 -0.0371636
288 107 -1.11909
288 288 4.90419
288 873 -2.49563
288 65 -0.622247
289 744 -1.233
289 334 -2.06168
289 959 -0.247255
289 556 -0.133134
289 289 5.53261
289 1019 -1.11555
289 1011 -0.741996
290 984 -0.412461
290 664 -0.0295341
290 520 -0.499693
290 946 -0.259606
290 290 4.49634
290 656 -1.76716
290 720 -1.52788
291 891 -0.0798639
291 693 -3.54488
291 383 -1.14107
291 121 -0.148774
291 40 -1.73067
291 291 6.9905
291 78 -0.345239
292 368 -0.557088
292 292 4.22331
292 402 -1.02624
293 353 -0.0269405
293 610 -0.0736085
293 349 -1.17364
293 367 -0.479597
293 293 4.77303
293 1021 -1.80942
293 567 -1.20982
294 163 -0.305014
294 606 -0.414409
294 834 -1.10466
294 294 5.35423
294 939 -1.9617
295 570 -0.623544
295 477 -1.52116
295 115 -2.32622
295 295 5.28022
295 143 -0.580758
295 644 -0.228537
296 156 -0.0825289
296 333 -0.132749
296 630 -1.45133
296 419 -1.04932
296 452 -0.0957318
296 6 -0.343575
296 668 -0.212685
296 296 4.02532
296 729 -0.0929082
297 895 -1.19067
297 122 -0.452768
297 975 -1.31277
297 271 -0.132196
297 659 -1.30351
297 297 4.66113
297 494 -0.269215
298 453 -0.462028
298 463 -0.734519
298 924 -0.313928
298 448 -0.48479
298 522 -0.174612
298 867 -1.57422
298 721 -0.367296
298 298 4.11139
299 857 -0.675644
299 424 -1.05634
299 8 -1.75619
299 1015 -0.781424
299 391 -0.601442
299 299 4.9895
299 455 -0.118465
300 766 -1.04233
300 270 -0.16867
300 941 -0.146527
300 29 -7.00616
300 200 -0.555433
300 300 9.11693
300 768 -0.197802
301 986 -0.186523
301 458 -0.545961
301 643 -0.483927
301 179 -2.09332
301 192 -0.043419
301 648 -1.02035
301 301 4.63127
301 76 -0.257769
302 488 -0.448443
302 902 -0.582774
302 363 -0.881674
302 548 -0.906217
302 1024 -0.773868
302 884 -0.182691
302 302 3.77567
303 743 -2.58768
303 990 -0.160487
303 578 -0.320344
303 428 -1.53479
303 732 -0.0602398
303 800 -0.516246
303 220 -0.0576392
303 303 5.39439
303 23 -0.156963
304 724 -0.520685
304 318 -0.409188
304 487 -0.222504
304 165 -12.7168
304 336 -0.78974
304 225 -0.552353
304 304 15.2113
305 423 -0.255407
305 909 -0.269436
305 315 -5.21332
305 305 8.04338
305 96 -1.54269
305 128 -0.762532
306 657 -0.641386
306 180 -0.455402
306 969 -3.42969
306 811 -0.111408
306 263 -0.760486
306 696 -0.199791
306 306 5.59816
307 936 -0.903606
307 366 -0.242826
307 830 -0.670954
307 104 -1.80459
307 582 -0.0187889
307 372 -0.618088
307 121 -0.151228
307 307 4.41008
308 240 -0.183613
308 86 -1.84108
308 546 -0.776375
308 856 -0.24236
308 308 4.37232
308 757 -0.449089
308 462 -0.862495
309 944 -1.87797
309 478 -0.375691
309 810 -0.22069
309 141 -0.0499683
309 835 -0.139949
309 851 -1.62423
309 309 4.85942
309 466 -0.570932
310 594 -2.71941
310 739 -0.61033
310 72 -0.512376
310 681 -0.886469
310 310 4.96173
311 30 -0.12098
311 1003 -1.53952
311 311 14.0549
312 500 -0.155076
312 687 -0.593427
312 517 -1.13158
312 535 -2.21407
312 544 -0.638928
312 312 5.37256
312 509 -0.321749
312 914 -0.317722
313 321 -0.745656
313 190 -0.521014
313 157 -0.585535
313 833 -0.286914
313 162 -1.45478
313 313 3.93106
313 997 -0.337154
314 583 -1.17258
314 181 -5.94895
314 314 9.48675
314 514 -0.196292
314 906 -2.16893
315 525 -0.510429
315 614 -0.221641
315 909 -0.485409
315 305 -5.21332
315 128 -0.734117
315 912 -0.0643686
315 315 7.22928
316 487 -1.21622
316 318 -1.26226
316 316 4.77736
316 330 -1.79699
316 351 -0.501888
317 223 -1.2243
317 341 -2.70484
317 923 -1.09677
317 12 -0.25221
317 251 -0.181512
317 317 5.45964
318 724 -0.883613
318 304 -0.409188
318 487 -1.47662
318 318 4.78848
318 316 -1.26226
318 351 -0.756795
319 388 -0.528585
319 672 -0.257344
319 394 -1.42112
319 513 -1.58421
319 319 4.26096
319 511 -0.112699
320 648 -0.841022
320 986 -0.880204
320 511 -1.3534
320 733 -1.38405
320 667 -0.0590196
320 320 4.51769
321 467 -0.454142
321 669 -0.937375
321 433 -0.296769
321 247 -0.670815
321 833 -0.104496
321 321 4.36172
321 313 -0.745656
321 190 -1.15247
322 472 -15.7743
322 230 -0.055147
322 996 -0.759157
322 4 -0.0937922
322 957 -1.01014
322 589 -0.252463
322 322 17.945
323 978 -1.11542
323 139 -2.88229
323 666 -0.305737
323 323 9.05484
323 381 -0.0407701
323 756 -4.71061
324 358 -1.96538
324 397 -172.405
324 324 175.056
324 812 -0.124683
324 972 -0.561245
325 412 -10.137
325 173 -0.0895392
325 415 -1.16322
325 641 -0.651512
325 98 -0.304236
325 325 12.4264
325 369 -0.0809176
326 250 -0.0870553
326 439 -5.2631
326 475 -0.417219
326 788 -0.612648
326 326 7.51733
326 631 -1.13731
327 175 -0.564448
327 406 -0.411378
327 919 -0.317442
327 890 -0.80495
327 908 -0.777958
327 21 -0.347441
327 114 -0.498992
327 327 3.72261
328 935 -0.065404
328 6 -0.186435
328 459 -4.38734
328 661 -0.769386
328 328 6.81069
328 719 -0.397755
328 89 -1.00437
329 752 -0.119294
329 50 -0.56351
329 952 -1.55812
329 955 -0.147266
329 329 6.33864
329 408 -3.48892
329 431 -0.461532
330 487 -0.0280825
330 110 -4.14082
330 689 -0.629279
330 316 -1.79699
330 330 6.93478
330 351 -0.339605
331 409 -0.314662
331 828 -0.0637647
331 342 -1.25518
331 683 -0.0997759
331 769 -0.988516
331 493 -0.422585
331 983 -1.00594
331 331 4.15042
332 71 -0.255709
332 120 -2.13441
332 449 -0.483206
332 22 -1.48127
332 839 -0.584563
332 646 -0.0102538
332 332 4.94941
333 18 -0.596604
333 156 -1.44179
333 553 -0.575061
333 419 -3.68263
333 296 -0.132749
333 333 6.42884
334 647 -0.377836
334 149 -0.813655
334 744 -1.72377
334 819 -0.502545
334 334 5.90167
334 289 -2.06168
334 959 -0.422176
335 392 -0.634517
335 485 -0.514118
335 888 -1.39907
335 335 4.13592
335 799 -1.26591
336 165 -1.05651
336 931 -0.14407
336 84 -0.56881
336 147 -1.01256
336 1016 -0.222069
336 336 4.20623
336 225 -0.412474
336 304 -0.78974
337 219 -1.06798
337 282 -0.242207
337 9 -3.62962
337 337 7.89211
337 817 -0.852637
337 26 -2.09967
338 544 -0.937205
338 755 -0.910011
338 338 5.43258
338 59 -0.424593
338 460 -3.16077
339 543 -0.643972
339 183 -0.577088
339 35 -0.748242
339 910 -3.88766
339 339 6.07119
339 551 -0.214226
340 413 -0.866595
340 364 -0.93595
340 551 -1.09667
340 968 -0.916161
340 340 4.12351
340 470 -0.308133
341 182 -0.0970039
341 223 -0.301133
341 1020 -0.404685
341 411 -1.51309
341 541 -0.249289
341 317 -2.70484
341 923 -0.548994
341 341 5.81904
342 828 -0.323139
342 331 -1.25518
342 675 -1.61317
342 683 -1.21515
342 37 -0.0635119
342 342 4.47015
343 602 -0.0633248
343 39 -0.799844
343 7 -0.704067
343 577 -0.302327
343 429 -0.285163
343 593 -0.838399
343 837 -0.0634359
343 343 3.66159
344 658 -0.225861
344 938 -1.95154
344 489 -0.775055
344 760 -1.39901
344 435 -0.726945
344 344 5.07841
345 801 -0.129533
345 771 -0.336915
345 702 -0.583791
345 174 -5.37375
345 654 -0.337426
345 249 -0.720874
345 470 -0.227735
345 345 7.71003
346 763 -0.384868
346 238 -0.520799
346 926 -0.945867
346 840 -0.0474574
346 280 -3.98631
346 346 6.47627
346 925 -0.59097
347 412 -0.710853
347 810 -0.283933
347 173 -0.132333
347 361 -0.504491
347 347 10.7445
347 641 -0.278335
347 776 -8.83454
348 738 -0.0208388
348 547 -0.0918897
348 836 -0.296664
348 932 -0.851825
348 674 -18.7471
348 474 -1.12446
348 348 21.1328
349 754 -0.462533
349 825 -0.628481
349 610 -0.427519
