1 8 -0.0865112
1 9 -0.0114965
1 7 -0.64942
1 6 -1.25134
1 1 3.98189
2 7 -0.171279
2 3 -0.18625
2 16 -0.614682
2 2 7.61259
3 2 -0.18625
3 5 -0.0288556
3 11 -6.60903
3 3 9.37045
3 9 -2.04836
3 7 -0.388906
4 4 9.57473
5 3 -0.0288556
5 11 -0.357678
5 13 -0.319544
5 14 -1.00507
5 9 -0.489719
5 5 3.77272
6 10 -0.0234982
6 8 -7.24611
6 14 -0.20906
6 15 -0.214743
6 1 -1.25134
6 6 9.50564
7 2 -0.171279
7 16 -50.7619
7 3 -0.388906
7 9 -0.26047
7 7 52.7065
7 1 -0.64942
8 14 -0.916151
8 9 -1.89687
8 6 -7.24611
8 1 -0.0865112
8 8 10.1456
9 5 -0.489719
9 14 -0.425551
9 8 -1.89687
9 1 -0.0114965
9 3 -2.04836
9 9 5.13247
9 7 -0.26047
10 6 -0.0234982
10 10 9.77158
10 15 -3.51359
11 5 -0.357678
11 13 -0.560432
11 12 -1.14642
11 11 8.72911
11 3 -6.60903
12 11 -1.14642
12 13 -0.238514
12 12 4.89539
13 5 -0.319544
13 11 -0.560432
13 12 -0.238514
13 13 6.347
14 5 -1.00507
14 9 -0.425551
14 8 -0.916151
14 14 3.9732
14 15 -0.637351
14 6 -0.20906
15 10 -3.51359
15 14 -0.637351
15 15 7.47318
15 6 -0.214743
16 2 -0.614682
16 7 -50.7619
16 16 52.5052
