1 17 -0.832944
1 14 -1.42812
1 42 -0.809432
1 1 5.77011
1 5 -2.33486
1 20 -0.364756
2 54 -0.93106
2 15 -0.409713
2 6 -0.35487
2 53 -0.0773437
2 2 4.02593
2 23 -1.22771
2 63 -1.02523
3 56 -0.0377607
3 38 -1.44847
3 48 -0.453757
3 3 7.79727
3 50 -0.682342
3 31 -5.17494
4 10 -0.707883
4 19 -1.90676
4 12 -0.437509
4 21 -0.718242
4 4 4.2699
4 46 -0.499503
5 17 -1.89479
5 1 -2.33486
5 34 -0.916804
5 20 -0.00649149
5 5 5.87997
5 41 -0.172149
6 54 -0.862409
6 42 -2.00514
6 14 -0.504041
6 6 4.59518
6 2 -0.35487
6 53 -0.819996
7 47 -1.34758
7 49 -0.931624
7 11 -0.960891
7 24 -0.425767
7 8 -0.402269
7 7 4.06813
8 49 -0.931973
8 7 -0.402269
8 24 -0.558415
8 28 -0.768674
8 8 3.91539
9 57 -0.115764
9 47 -0.316565
9 56 -1.78201
9 18 -0.799687
9 40 -2.01425
9 9 5.11989
10 19 -0.173664
10 4 -0.707883
10 26 -3.61822
10 33 -0.907643
10 46 -0.391294
10 10 5.7987
11 56 -0.0899017
11 47 -0.414972
11 7 -0.960891
11 24 -2.47729
11 51 -0.576982
11 31 -0.711307
11 55 -0.00173325
11 11 5.23308
12 4 -0.437509
12 21 -0.0298005
12 43 -0.512758
12 19 -0.711141
12 12 5.10727
12 45 -2.78982
12 51 -0.626244
13 32 -0.0244173
13 25 -2.20536
13 43 -0.957707
13 64 -0.324155
13 28 -0.220373
13 59 -1.25043
13 13 5.1865
14 17 -0.392939
14 6 -0.504041
14 1 -1.42812
14 42 -1.3127
14 14 4.36429
15 54 -0.0779382
15 50 -0.356444
15 22 -1.13937
15 23 -0.53337
15 2 -0.409713
15 15 4.36672
16 34 -0.776468
16 30 -0.660315
16 61 -2.74406
16 16 4.99822
16 36 -0.461378
16 39 -0.356003
17 5 -1.89479
17 1 -0.832944
17 17 4.49062
17 14 -0.392939
18 57 -0.0543199
18 9 -0.799687
18 18 4.21647
19 10 -0.173664
19 4 -1.90676
19 26 -0.367399
19 12 -0.711141
19 51 -0.871783
19 41 -0.0837462
19 19 4.49614
19 20 -0.381639
20 1 -0.364756
20 51 -0.143275
20 55 -6.80977
20 42 -0.202703
20 5 -0.00649149
20 41 -0.877217
20 19 -0.381639
20 20 8.78585
21 4 -0.718242
21 12 -0.0298005
21 52 -2.79989
21 46 -0.184192
21 43 -0.996726
21 62 -0.387893
21 64 -0.0162598
21 21 5.133
22 50 -1.99938
22 15 -1.13937
22 48 -0.0161501
22 22 5.30831
23 37 -0.82119
23 15 -0.53337
23 2 -1.22771
23 63 -0.192049
23 35 -2.29626
23 23 5.12801
24 7 -0.425767
24 11 -2.47729
24 51 -0.50537
24 24 4.78244
24 28 -0.815591
24 8 -0.558415
25 43 -0.474567
25 13 -2.20536
25 25 5.21822
25 28 -1.64578
25 45 -0.892518
26 10 -3.61822
26 19 -0.367399
26 41 -2.02722
26 61 -0.164672
26 26 6.5767
26 30 -0.38672
26 33 -0.0124677
27 63 -6.45816
27 27 12.2815
27 53 -1.32638
28 25 -1.64578
28 45 -0.515302
28 51 -0.267066
28 24 -0.815591
28 13 -0.220373
28 8 -0.768674
28 28 4.4079
29 29 56.1069
29 59 -0.518221
30 26 -0.38672
30 33 -0.347373
30 16 -0.660315
30 61 -0.842753
30 30 5.70303
30 39 -3.21921
31 56 -0.422662
31 3 -5.17494
31 50 -0.0986382
31 54 -0.660699
31 31 7.30736
31 55 -0.239109
31 11 -0.711307
32 13 -0.0244173
32 64 -3.99522
32 62 -0.459366
32 59 -2.03627
32 32 7.04472
33 10 -0.907643
33 26 -0.0124677
33 46 -0.792906
33 33 5.66089
33 30 -0.347373
34 41 -0.260574
34 61 -0.578551
34 5 -0.916804
34 34 4.27995
34 36 -1.23489
34 16 -0.776468
35 37 -1.35454
35 58 -1.17344
35 23 -2.29626
35 35 5.20754
36 34 -1.23489
36 16 -0.461378
36 36 4.99952
36 39 -0.51863
37 23 -0.82119
37 35 -1.35454
37 37 7.24608
37 58 -1.51198
38 56 -0.180988
38 40 -0.903983
38 38 4.79127
38 48 -1.76308
38 3 -1.44847
39 30 -3.21921
39 16 -0.356003
39 36 -0.51863
39 39 6.30063
40 56 -0.0626112
40 9 -2.01425
40 38 -0.903983
40 40 5.21566
41 26 -2.02722
41 61 -1.37272
41 34 -0.260574
41 5 -0.172149
41 41 4.79363
41 19 -0.0837462
41 20 -0.877217
42 54 -0.0775623
42 6 -2.00514
42 14 -1.3127
42 1 -0.809432
42 55 -0.646968
42 42 5.0545
42 20 -0.202703
43 12 -0.512758
43 25 -0.474567
43 45 -0.353723
43 21 -0.996726
43 43 3.84278
43 64 -0.547301
43 13 -0.957707
44 57 -2.74565
44 60 -5.06578
44 44 14.3308
45 12 -2.78982
45 43 -0.353723
45 25 -0.892518
45 45 5.14024
45 28 -0.515302
45 51 -0.58888
46 10 -0.391294
46 4 -0.499503
46 52 -0.423266
46 21 -0.184192
46 33 -0.792906
46 46 3.70494
47 57 -0.38098
47 56 -5.6962
47 9 -0.316565
47 49 -0.0678441
47 7 -1.34758
47 47 8.22414
47 11 -0.414972
48 38 -1.76308
48 3 -0.453757
48 50 -1.10324
48 48 4.43152
48 22 -0.0161501
49 57 -0.622904
49 47 -0.0678441
49 60 -3.45587
49 49 6.16117
49 7 -0.931624
49 8 -0.931973
50 3 -0.682342
50 54 -0.511046
50 31 -0.0986382
50 15 -0.356444
50 50 4.75109
50 48 -1.10324
50 22 -1.99938
51 12 -0.626244
51 45 -0.58888
51 28 -0.267066
51 19 -0.871783
51 20 -0.143275
51 55 -0.545747
51 24 -0.50537
51 11 -0.576982
51 51 4.12535
52 62 -0.738036
52 52 5.04535
52 21 -2.79989
52 46 -0.423266
53 27 -1.32638
53 6 -0.819996
53 63 -0.857483
53 2 -0.0773437
53 53 7.24002
54 15 -0.0779382
54 50 -0.511046
54 2 -0.93106
54 31 -0.660699
54 6 -0.862409
54 42 -0.0775623
54 55 -0.668313
54 54 3.78903
55 54 -0.668313
55 51 -0.545747
55 42 -0.646968
55 20 -6.80977
55 31 -0.239109
55 55 8.91164
55 11 -0.00173325
56 11 -0.0899017
56 31 -0.422662
56 3 -0.0377607
56 47 -5.6962
56 9 -1.78201
56 40 -0.0626112
56 38 -0.180988
56 56 8.27214
57 49 -0.622904
57 60 -0.918293
57 44 -2.74565
57 47 -0.38098
57 9 -0.115764
57 18 -0.0543199
57 57 5.97003
58 37 -1.51198
58 35 -1.17344
58 58 6.8616
59 32 -2.03627
59 13 -1.25043
59 29 -0.518221
59 59 4.69958
60 57 -0.918293
60 49 -3.45587
60 60 9.92186
60 44 -5.06578
61 26 -0.164672
61 41 -1.37272
61 34 -0.578551
61 16 -2.74406
61 30 -0.842753
61 61 5.70276
62 32 -0.459366
62 52 -0.738036
62 64 -1.67973
62 21 -0.387893
62 62 4.50266
63 27 -6.45816
63 53 -0.857483
63 2 -1.02523
63 63 8.82861
63 23 -0.192049
64 32 -3.99522
64 62 -1.67973
64 21 -0.0162598
64 43 -0.547301
64 64 6.56267
64 13 -0.324155
